start=4005.168000
volume=112.000000
