start=70.100000
volume=90.000000
sid=no
